307,973
443,723
470,307
723,470
973,470
3,764
111,3
451,487
487,111
488,451
523,487
647,523
764,523
595,764
764,595
3,111
111,3
451,487
487,451
488,451
523,487
307,443
443,307
470,443
723,307
973,470
26,738
238,628
570,26
595,764
628,570
647,738
738,628
764,26
3,595
111,488
451,487
487,705
488,111
523,595
595,451
705,595
961,523
26,570
238,26
570,238
628,26
3,111
111,523
451,3
487,451
488,111
523,111
3,487
111,488
451,764
487,488
488,487
523,451
595,3
764,487
3,488
111,3
451,488
487,451
488,111
523,487
598,729
628,598
729,628
26,570
238,570
570,26
628,26
3,488
111,487
451,523
487,488
488,3
523,488
48,885
595,610
610,885
764,885
885,973
973,595
402,729
598,729
628,729
729,598
778,402
3,523
111,451
451,488
487,523
488,523
523,111
3,523
111,523
451,111
487,488
488,487
523,488
111,451
238,395
395,488
451,111
487,451
488,395
523,111
402,778
778,402
3,487
111,523
451,3
487,523
488,487
523,487
3,451
111,487
247,523
443,247
451,111
487,247
523,487
634,111
3,111
111,487
451,487
487,523
488,487
523,3
307,723
443,629
470,629
480,629
595,973
629,480
634,595
723,443
764,629
950,998
973,307
998,443
402,764
647,738
705,764
738,764
764,961
961,402
506,764
764,506
26,628
238,628
570,26
628,570
595,764
764,595
3,488
111,523
487,3
488,764
523,3
738,487
764,111
598,729
628,598
729,628
247,443
443,998
470,598
480,443
598,634
629,998
634,247
729,480
950,247
998,729
3,488
111,487
451,488
487,488
488,487
523,111
26,628
238,247
247,470
443,634
470,570
570,443
628,634
634,443
48,470
402,48
470,973
610,402
778,885
885,973
973,48
307,628
443,729
470,729
598,628
628,443
723,628
729,973
973,729
3,487
111,451
451,629
480,629
487,3
488,111
523,3
629,451
634,523
998,629
3,451
111,3
451,487
487,523
488,523
523,111
3,487
111,523
451,487
487,451
488,111
523,487
307,470
470,307
723,973
973,307
3,647
111,647
451,3
487,488
488,487
523,3
647,488
738,3
764,451
307,443
443,729
598,729
723,443
729,307
973,723
506,764
647,764
738,764
764,738
26,480
238,26
402,238
480,570
570,950
628,998
634,238
950,402
998,628
169,432
423,647
432,423
647,423
3,488
111,523
487,111
488,523
523,488
3,451
26,3
111,26
238,451
451,595
487,595
488,111
523,488
570,26
595,111
628,488
764,628
3,487
111,523
451,111
487,488
488,487
523,487
247,634
470,247
634,247
307,443
443,598
470,598
598,470
628,729
723,470
729,723
973,307
506,764
647,738
738,764
764,506
3,451
111,523
451,487
487,523
488,451
523,111
3,451
111,3
451,111
487,111
488,523
523,488
3,973
111,487
451,523
470,111
487,470
488,451
523,723
723,523
973,3
307,764
443,647
470,307
647,738
723,647
738,307
764,973
973,738
3,487
111,487
451,111
487,488
488,451
523,451
3,451
111,487
451,487
487,111
488,487
523,451
3,487
111,451
451,488
487,111
488,487
523,487
3,111
111,488
451,3
487,451
488,3
523,488
570,826
628,803
803,826
826,570
883,803
48,506
470,973
506,973
610,973
885,973
973,48
147,764
647,857
738,647
764,857
857,764
3,523
111,487
451,523
487,523
488,111
523,487
307,723
443,307
470,723
723,973
973,470
402,778
778,402
3,451
111,3
451,488
487,488
488,451
523,451
402,738
705,764
738,764
764,705
961,402
595,764
764,595
26,238
147,570
238,26
570,147
628,764
764,857
857,238
480,629
629,998
950,480
998,629
3,111
111,3
451,523
487,488
488,3
523,451
147,973
307,857
443,147
470,764
723,857
764,307
857,764
973,857
3,451
111,487
451,111
487,488
488,523
523,3
3,451
111,451
451,488
487,451
488,487
523,488
647,738
738,647
764,647
3,487
111,451
451,488
487,3
488,3
523,488
402,506
506,778
778,402
3,111
111,451
451,488
487,488
488,523
523,451
3,111
111,647
451,3
487,523
488,111
523,738
647,523
738,451
764,488
3,738
111,451
451,764
487,738
488,647
523,451
647,523
738,451
764,488
3,147
111,487
147,451
451,764
487,3
488,523
523,451
764,147
857,147
307,723
443,973
470,443
723,307
973,443
598,628
628,598
729,598
26,307
238,443
307,26
443,973
570,723
598,26
628,570
723,570
729,628
973,570
3,451
111,488
451,3
487,488
488,3
523,111
3,443
111,523
307,111
443,111
451,973
487,488
488,973
523,973
723,523
973,523
402,778
647,402
764,647
778,402
3,488
111,3
451,3
487,111
488,487
523,488
247,634
470,247
634,470
3,111
111,451
451,111
487,111
488,451
523,488
3,487
111,523
451,523
487,3
488,451
523,451
598,628
628,729
729,598
3,488
111,3
451,3
487,111
488,111
523,488
3,111
111,451
451,738
487,764
488,111
523,647
647,111
738,487
764,523
3,523
111,487
451,487
487,451
488,451
523,487
647,764
738,647
764,647
26,764
238,26
506,738
570,506
628,506
647,764
738,764
764,738
3,488
111,523
451,3
487,451
488,111
523,111
307,973
443,595
470,595
595,443
723,973
764,307
973,307
402,778
595,402
778,595
3,402
111,402
402,3
451,111
487,961
488,705
523,3
705,451
961,488
3,487
111,3
238,487
395,3
451,395
487,111
488,111
523,451
3,451
111,451
451,3
487,451
488,451
523,487
3,451
111,451
451,487
487,523
488,451
523,487
111,451
451,523
487,111
488,487
506,488
523,451
480,950
629,634
634,480
950,634
998,950
247,634
443,634
470,506
506,443
634,470
307,973
443,470
470,443
723,973
973,723
647,764
738,764
764,738
247,595
443,470
470,443
595,634
634,443
764,634
506,764
595,506
764,595
307,729
443,729
470,973
598,470
628,723
723,307
729,598
973,628
3,480
111,998
451,998
480,629
487,950
488,480
523,451
629,523
634,950
950,480
998,629
3,480
111,451
451,480
480,764
487,488
488,595
523,488
595,764
764,451
402,778
778,402
443,470
470,973
723,443
973,470
506,764
647,738
738,506
764,738
3,451
111,451
451,488
487,451
488,570
523,488
570,3
628,883
803,3
826,803
883,451
402,961
595,705
705,961
764,402
961,595
26,238
238,628
395,570
402,764
570,628
595,570
628,764
764,395
647,764
738,764
764,738
480,634
629,998
634,629
950,629
998,480
598,628
628,729
729,628
3,523
111,3
451,487
487,523
488,111
523,487
480,950
629,950
634,629
950,480
998,629
238,764
395,238
647,395
738,395
764,647
595,764
764,595
3,402
111,3
402,451
443,402
451,402
470,443
487,778
488,443
523,470
634,470
778,470
26,570
238,26
570,628
598,729
628,598
729,26
247,480
443,247
470,443
480,950
634,950
950,998
998,480
3,451
111,451
451,3
487,523
523,111
3,443
111,487
307,488
443,488
451,443
470,973
487,111
488,470
523,470
723,443
973,523
247,443
443,247
470,443
634,443
169,647
423,647
432,423
647,423
3,487
111,487
451,111
487,3
488,451
402,778
778,402
3,111
111,523
451,3
487,523
488,451
523,111
402,738
480,778
629,402
647,738
738,998
764,738
778,480
998,402
169,647
402,169
423,961
647,169
705,423
961,169
26,628
238,628
506,26
570,506
628,506
480,634
629,480
634,950
950,629
998,629
238,778
395,238
778,395
307,470
443,470
470,723
723,443
705,961
961,705
3,111
111,487
451,111
487,3
488,111
523,451
961,451
26,610
48,570
238,628
470,885
570,238
610,628
628,973
885,470
973,48
3,488
451,523
487,523
488,451
523,451
169,705
402,705
506,628
598,705
628,647
647,402
705,169
729,169
961,628
3,487
111,451
451,487
487,3
488,3
523,451
480,629
629,634
634,738
738,950
764,950
950,738
998,738
628,729
729,628
26,238
197,998
238,570
570,628
628,197
634,570
998,26
307,973
443,723
470,723
723,443
973,307
307,470
443,723
470,307
723,307
973,443
3,488
111,3
451,111
487,488
488,487
523,487
307,443
443,307
470,723
723,307
973,723
26,628
238,570
570,628
628,238
480,998
629,480
634,629
950,998
998,480
3,111
111,3
451,111
487,488
488,3
523,451
307,973
470,973
723,307
973,723
3,247
111,3
247,451
451,488
487,3
488,523
506,111
523,487
578,487
629,3
634,523
998,247
598,628
628,729
729,598
307,723
443,723
470,307
723,307
973,470
480,998
629,634
634,998
950,629
998,629
247,506
443,470
470,634
506,470
634,506
3,598
111,628
487,729
488,3
523,3
598,729
628,111
729,628
3,523
111,523
451,487
487,523
488,451
506,111
523,487
3,764
111,488
451,3
487,488
488,3
523,111
595,451
764,488
595,764
764,595
247,443
443,470
470,247
634,247
3,111
111,488
451,3
487,488
488,451
523,451
3,487
111,487
451,3
487,451
488,487
523,3
3,487
111,598
451,598
487,111
488,628
523,487
598,729
628,523
729,598
3,111
111,523
451,487
487,111
488,111
523,3
307,973
402,307
443,470
470,778
778,973
973,402
3,487
111,3
451,111
487,523
488,487
523,451
3,488
111,488
451,3
487,488
488,451
523,451
3,487
111,488
451,487
487,523
488,451
523,3
3,523
111,487
451,523
487,3
488,111
523,488
247,443
443,595
470,634
595,470
634,470
307,470
402,705
443,470
470,443
629,705
634,950
705,973
723,402
950,307
961,998
973,723
998,470
3,480
111,451
238,480
395,488
451,395
480,998
487,634
488,238
523,629
629,950
634,950
950,487
998,395
628,729
729,628
26,402
238,628
402,238
628,26
705,26
961,402
3,647
111,523
451,764
487,3
488,451
523,111
647,3
738,451
764,487
402,973
443,973
506,973
973,402
3,111
111,488
451,487
487,523
488,3
523,488
480,634
629,634
634,480
950,634
998,634
3,111
111,488
451,487
487,111
488,523
523,487
3,488
111,629
451,629
487,523
488,629
523,629
629,488
950,111
307,973
443,723
723,443
973,443
3,523
451,3
488,3
523,451
3,111
111,3
451,111
487,523
488,487
523,451
3,451
111,488
451,111
487,451
488,3
523,487
3,488
111,3
451,3
487,764
488,487
523,451
764,488
3,523
111,487
451,3
487,488
488,451
523,111
647,738
738,3
764,111
26,764
238,764
570,738
628,26
647,26
738,238
764,570
26,628
238,26
570,238
628,238
26,857
147,857
238,570
570,628
628,26
764,570
857,764
3,111
111,488
451,3
487,111
488,451
523,451
307,723
443,451
451,488
470,488
487,470
488,443
523,451
723,470
307,723
723,778
778,307
3,488
111,451
451,111
487,111
488,487
523,451
48,470
470,480
480,950
610,470
629,480
634,470
885,629
950,48
973,629
169,432
423,432
432,169
647,169
3,451
111,523
451,488
487,111
488,487
523,487
307,470
470,307
723,307
3,451
111,3
451,487
487,3
488,523
523,111
480,629
629,998
634,998
764,950
950,629
998,629
480,629
629,998
998,480
3,488
111,3
451,523
487,3
488,487
523,488
26,238
238,570
570,238
628,238
3,523
111,523
451,523
487,451
523,111
26,238
238,26
506,26
570,628
628,506
402,705
595,705
705,764
764,595
402,506
480,778
506,998
629,402
634,998
778,998
950,506
998,402
402,778
778,402
3,111
111,523
451,488
487,451
488,111
523,111
307,443
443,470
470,973
506,307
723,307
973,470
26,443
247,634
443,470
470,247
570,26
628,570
634,26
169,307
307,506
443,169
470,647
506,973
647,169
723,169
973,169
3,451
111,451
451,487
487,523
488,111
523,451
3,395
111,238
238,111
395,3
451,111
487,238
488,395
523,451
3,451
111,3
451,3
487,3
488,451
523,487
307,443
443,973
470,506
506,470
723,307
973,470
3,523
111,451
451,111
487,3
488,3
523,451
3,523
111,523
487,111
488,523
523,111
3,451
111,488
451,111
487,488
488,487
523,487
307,470
443,470
470,506
506,307
723,443
778,470
973,307
3,451
111,451
451,487
487,523
488,451
523,488
3,487
451,523
487,451
488,487
523,451
3,111
111,523
451,628
487,111
488,628
523,598
598,111
628,487
729,111
247,443
443,506
506,634
634,247
48,470
470,885
610,973
885,973
973,885
307,973
443,723
470,307
723,470
973,470
147,857
764,147
857,764
595,647
647,778
738,764
764,778
778,738
647,738
738,764
764,647
111,487
444,913
487,444
913,487
3,111
111,595
451,764
487,3
488,3
523,3
595,487
764,595
3,451
111,488
451,523
487,488
488,3
523,451
3,451
111,451
451,111
487,111
488,3
523,487
598,628
628,598
729,628
480,998
629,480
634,629
950,629
998,950
26,628
238,628
570,238
628,26
26,595
238,26
570,595
595,26
628,764
764,628
647,738
738,764
764,647
307,443
443,723
470,307
723,307
973,443
506,628
598,506
628,598
729,506
3,523
111,523
451,3
487,111
488,3
523,487
3,488
111,487
451,487
487,523
488,111
523,487
307,961
402,973
443,961
470,705
598,402
628,402
705,598
723,705
729,402
961,307
973,628
629,998
634,629
950,998
998,629
26,628
238,26
570,628
628,570
3,487
111,451
451,111
487,488
488,451
523,111
247,778
443,470
470,778
634,247
778,634
307,738
443,506
470,506
506,764
647,307
723,764
738,764
764,723
973,470
3,111
111,487
451,523
487,111
488,451
523,3
3,487
111,487
451,3
487,523
488,3
523,487
3,443
111,523
247,451
443,247
451,3
470,247
487,634
488,3
523,487
634,247
3,488
111,3
402,487
451,3
487,402
488,451
523,402
3,111
111,488
402,488
451,487
487,451
488,111
523,451
705,961
961,488
3,487
111,3
487,523
488,523
523,488
169,432
423,647
432,647
647,432
3,523
111,523
451,523
488,523
523,488
628,803
764,826
803,883
826,628
883,628
3,998
111,3
451,523
480,111
487,998
488,523
506,451
523,480
629,3
634,480
950,487
998,480
3,487
111,488
451,488
487,111
488,487
523,451
3,111
111,3
169,523
423,169
432,423
451,3
487,488
488,111
523,488
647,423
26,723
307,470
443,723
470,26
570,26
628,470
723,307
307,470
443,723
470,443
723,470
973,443
3,451
111,451
451,523
487,3
488,451
523,111
307,470
443,506
470,443
506,307
723,973
973,470
307,647
443,738
470,307
647,738
723,973
738,647
764,647
973,307
247,764
443,634
470,764
506,595
595,443
634,764
764,247
506,764
647,738
738,647
764,738
480,629
598,950
629,598
634,629
950,998
998,950
402,961
506,402
598,961
628,961
729,598
961,402
3,443
111,506
402,451
443,488
451,634
487,402
488,443
506,634
523,487
634,443
778,3
26,570
238,628
480,26
570,998
628,480
629,628
634,570
950,998
998,570
26,628
238,628
570,238
628,26
3,111
111,523
451,3
487,111
523,487
307,443
443,470
470,973
723,443
973,723
247,443
443,247
470,634
634,443
402,961
705,402
961,705
26,506
238,506
506,570
570,628
628,570
238,738
395,738
647,738
738,395
764,395
647,738
738,764
764,647
307,443
443,973
470,723
723,973
973,470
598,729
628,729
729,628
647,764
738,647
764,647
48,973
470,610
610,470
885,610
973,48
26,628
238,628
570,628
628,570
169,432
423,432
432,169
647,432
111,451
451,487
487,111
488,523
523,487
595,488
3,634
111,950
480,488
487,3
488,487
523,480
634,3
950,998
998,111
3,595
488,523
523,738
595,488
647,764
738,523
764,647
402,705
705,961
961,402
506,764
647,506
738,506
764,647
3,628
26,3
111,570
238,487
451,26
487,570
523,451
570,451
628,3
3,451
111,523
451,487
487,488
488,111
523,487
402,634
443,778
470,443
634,470
778,402
3,523
111,3
451,488
487,488
488,738
523,487
647,451
738,647
764,488
26,885
48,885
238,570
470,885
570,973
610,973
628,470
885,26
973,470
238,973
307,470
395,723
443,307
470,973
723,973
973,470
3,487
111,488
395,451
451,111
487,523
488,487
523,395
238,570
570,238
628,570
3,111
111,487
451,3
487,111
488,451
523,111
3,488
451,647
488,647
523,488
647,488
738,523
764,451
26,570
238,628
570,26
628,570
595,764
629,595
634,998
764,595
998,595
480,950
629,950
634,950
950,998
998,480
598,729
729,598
3,523
26,628
238,523
487,570
488,570
523,628
570,238
628,3
3,451
111,487
451,3
487,523
488,487
523,487
26,238
238,570
570,26
628,26
169,729
432,628
598,729
628,432
729,432
3,111
111,3
451,487
487,111
488,3
523,3
26,247
238,247
247,570
506,647
570,247
578,628
628,238
647,26
738,647
764,738
3,488
111,487
307,451
443,487
451,470
470,451
487,523
488,443
523,3
723,3
973,307
307,595
443,595
470,307
595,470
723,307
764,470
973,764
3,451
111,3
451,487
487,451
488,523
523,451
3,487
111,3
451,487
487,523
488,3
523,487
647,764
729,738
738,729
764,647
247,973
307,470
443,470
470,307
634,307
723,247
973,247
3,487
111,3
451,111
487,451
488,523
523,3
3,488
111,488
451,111
487,488
488,487
3,451
111,523
451,488
488,523
523,488
307,973
443,307
470,307
723,973
973,307
3,487
111,488
451,487
487,111
488,451
523,451
3,451
111,3
451,487
487,451
488,111
523,111
598,628
628,729
729,628
3,487
111,3
451,111
487,523
488,111
523,3
26,778
238,778
402,628
570,26
628,26
778,402
247,634
443,595
470,764
595,634
634,443
764,595
247,470
443,506
470,443
506,470
634,470
3,111
111,488
451,111
487,764
488,764
523,764
764,488
598,729
628,598
729,628
3,523
111,595
451,595
487,764
488,3
523,111
595,764
764,523
71,402
266,338
338,402
402,71
738,71
598,647
628,729
647,598
729,598
738,647
764,738
3,487
111,3
451,523
487,3
488,111
523,488
480,950
629,634
634,950
950,998
998,480
3,523
111,487
487,111
488,3
523,487
3,451
111,3
451,487
487,488
488,487
523,488
3,487
111,451
147,764
451,857
487,147
488,523
523,3
764,3
857,488
480,998
629,998
634,998
950,629
998,950
26,628
238,26
570,628
628,238
169,432
423,950
432,423
647,432
950,423
402,961
705,402
961,705
307,723
443,973
470,443
723,470
973,723
3,973
111,723
307,487
451,470
470,111
487,506
506,111
523,973
723,111
973,487
402,961
705,961
961,402
3,451
111,488
451,523
487,451
488,451
523,111
307,470
443,307
470,307
506,470
723,443
973,723
3,238
26,451
111,570
238,598
451,488
487,488
488,487
523,628
570,238
598,111
628,598
729,598
247,634
402,634
443,634
470,443
634,470
778,470
647,764
738,647
764,647
307,443
443,307
470,307
506,470
723,506
973,443
3,451
111,487
451,487
487,451
488,111
523,111
629,634
634,998
950,998
998,629
3,487
111,3
451,111
487,111
523,487
3,111
111,3
451,487
487,3
488,523
523,488
3,111
111,523
451,111
487,451
488,3
523,488
3,451
111,451
402,111
451,778
487,3
488,402
523,487
778,111
238,395
307,470
395,238
443,973
470,395
723,307
973,470
247,634
443,247
470,443
634,443
598,729
628,729
729,628
3,487
111,523
402,523
451,487
487,523
488,487
523,111
778,402
247,443
443,470
470,634
634,470
247,647
443,634
470,647
634,247
647,738
738,634
764,738
238,570
570,628
628,238
3,480
111,647
432,111
451,3
480,451
488,950
523,3
634,488
647,451
950,111
998,634
3,480
451,480
480,523
487,764
488,451
523,764
595,523
629,488
764,950
950,3
998,764
3,111
111,3
451,3
487,451
488,523
523,111
26,628
238,729
570,628
628,570
729,238
3,451
111,3
451,488
487,488
488,523
523,487
307,402
402,470
443,307
470,402
778,443
3,487
451,523
487,523
488,451
523,451
3,488
111,488
451,523
487,451
488,487
523,451
3,885
48,3
470,3
487,973
488,764
523,487
610,3
764,885
885,3
973,610
402,764
595,764
764,778
778,402
3,487
111,451
451,3
487,111
488,451
523,488
3,238
26,488
111,488
238,570
451,570
488,111
523,111
570,628
628,523
598,628
628,729
729,628
3,488
111,488
247,470
443,3
451,443
470,451
487,470
488,247
523,247
634,487
3,111
111,451
451,3
523,3
3,487
111,3
451,488
487,3
488,523
523,488
3,487
111,487
451,488
487,488
488,523
523,111
3,523
111,3
402,3
451,488
487,778
488,402
523,488
778,451
247,470
443,634
470,247
634,470
3,950
111,998
451,523
487,629
488,950
523,950
629,950
634,523
950,487
998,950
402,778
778,402
307,470
443,723
470,723
723,443
973,723
3,111
111,523
451,523
487,488
488,487
523,3
3,523
111,523
451,111
487,488
488,3
523,3
307,443
443,973
470,723
723,443
973,470
3,487
111,523
451,487
487,488
488,3
523,3
26,238
48,470
238,610
470,610
570,238
610,470
628,885
885,26
973,238
169,647
423,169
432,647
647,423
3,523
451,487
487,451
523,451
307,729
470,729
598,307
723,307
729,723
973,729
307,470
443,723
470,723
723,470
973,443
3,488
111,488
451,111
488,111
523,3
26,402
238,395
395,628
402,961
570,402
628,395
705,402
961,628
3,111
111,523
451,487
487,488
488,487
523,451
307,973
443,307
470,723
723,307
973,443
238,307
307,443
395,443
443,307
470,238
723,307
973,723
480,634
629,950
634,950
950,480
998,480
3,451
111,487
451,111
487,111
488,111
523,451
480,998
629,480
634,629
950,480
998,634
598,628
628,598
729,628
3,523
111,451
451,523
487,523
488,523
523,451
26,628
238,628
570,238
628,238
3,247
111,238
238,523
247,470
395,523
443,238
451,634
470,443
487,3
488,443
523,634
634,451
307,723
443,973
470,998
480,470
629,950
634,629
723,998
950,634
973,629
998,443
3,451
111,523
451,487
487,3
488,487
523,3
3,778
111,523
402,3
451,487
487,523
488,778
523,778
778,3
3,778
111,488
402,487
451,961
487,111
488,961
523,3
705,3
778,111
961,705
26,71
71,738
238,71
266,238
338,738
402,71
570,402
628,570
738,238
26,628
238,26
307,470
443,238
470,647
570,647
628,647
647,764
723,470
738,764
764,973
973,723
3,451
26,488
111,451
238,570
451,523
488,26
523,111
570,523
628,451
595,738
647,595
738,595
3,443
307,3
443,470
451,307
470,488
487,470
488,307
523,443
26,628
238,570
570,238
628,26
3,523
111,451
451,3
487,523
488,3
523,488
3,451
111,523
451,487
487,523
488,451
523,487
3,488
111,488
451,487
487,451
488,487
523,487
598,628
628,598
729,598
3,451
111,488
451,523
487,451
488,111
523,487
3,487
111,443
247,451
443,470
451,247
470,523
487,470
488,451
523,488
634,451
338,738
738,338
3,111
111,523
451,3
487,451
488,3
523,3
3,451
111,488
451,3
487,523
488,523
523,488
26,570
238,570
570,729
595,570
598,628
628,595
729,238
764,595
26,570
238,705
570,961
705,238
961,570
402,778
778,402
238,395
395,238
307,723
443,470
470,723
723,973
973,443
480,998
506,634
629,480
634,480
950,629
998,634
443,470
470,443
3,111
111,487
451,3
487,523
488,523
523,487
3,111
111,3
451,487
487,488
488,111
523,3
307,470
443,307
470,443
723,443
973,723
26,634
238,634
570,950
628,629
629,950
634,629
950,570
998,629
402,764
595,961
705,402
764,961
961,764
307,443
443,307
470,973
723,443
973,443
3,523
111,3
451,111
487,523
488,487
523,488
3,451
111,487
451,111
487,523
488,487
523,111
598,729
628,729
729,598
238,998
395,950
480,950
950,238
998,395
111,523
451,487
487,523
488,111
523,111
402,778
778,402
3,523
111,523
451,487
487,451
523,487
647,738
738,647
764,738
3,523
111,487
451,111
487,3
488,523
523,111
26,628
570,26
628,764
647,738
738,628
764,628
26,423
169,647
423,570
432,647
570,647
628,169
647,432
3,451
111,523
451,3
487,111
488,523
523,3
197,998
634,197
998,634
307,480
443,950
470,629
480,443
595,723
629,307
634,950
723,307
764,998
950,998
973,595
998,443
402,961
705,961
961,705
598,628
628,729
729,598
647,738
738,647
48,885
610,48
885,610
3,950
111,487
451,480
480,111
487,111
523,480
629,487
950,629
998,950
3,523
111,523
451,111
487,523
523,451
3,451
111,3
451,3
487,3
488,3
523,487
3,488
111,3
451,523
487,506
488,451
506,487
523,487
402,778
778,402
48,470
470,885
610,973
885,973
973,610
738,764
764,738
3,451
111,523
451,487
487,523
488,451
523,451
3,523
111,488
451,488
487,451
488,487
523,3
307,705
402,973
443,470
470,443
705,973
723,470
973,705
3,523
111,487
451,487
487,764
488,523
523,764
595,487
764,487
3,729
111,487
451,598
487,598
488,3
523,487
598,451
628,523
729,628
778,111
3,111
111,487
451,523
487,523
488,451
523,487
307,729
628,307
723,729
729,307
973,723
3,628
111,487
451,487
487,451
488,487
506,111
628,487
729,506
3,523
111,488
451,3
487,111
488,3
523,451
402,647
647,764
738,647
764,402
647,738
738,647
764,738
3,487
111,488
451,487
487,111
488,523
506,488
523,111
402,480
480,950
629,778
634,950
778,998
950,998
998,634
247,470
443,247
470,634
634,470
3,111
111,451
451,487
487,451
488,451
523,111
3,488
111,451
451,111
487,3
488,3
523,111
3,111
111,998
451,523
480,111
487,111
488,523
523,487
629,634
634,111
950,998
998,480
3,523
111,487
451,523
487,3
488,487
523,451
402,961
705,402
961,402
3,738
111,764
451,523
487,3
488,487
523,3
738,451
764,3
480,998
634,480
998,480
3,443
111,723
443,487
451,523
470,3
487,111
488,973
523,488
723,523
973,451
402,480
480,629
629,480
634,998
705,961
950,480
961,402
998,629
506,628
598,729
628,778
647,729
729,598
738,628
764,598
778,764
26,628
238,628
570,950
628,629
629,570
634,628
950,570
998,570
247,634
443,247
470,247
634,247
480,634
634,998
950,634
998,950
3,487
111,487
451,487
487,523
488,3
523,487
3,487
111,523
451,111
487,3
488,487
523,111
3,523
488,3
523,3
48,764
470,764
647,885
738,764
764,48
885,470
973,885
307,723
443,470
470,973
723,307
973,443
3,523
111,705
451,961
487,111
488,3
523,487
705,487
961,487
480,998
629,950
634,629
950,998
998,480
26,570
238,307
247,307
307,247
443,470
470,238
570,307
628,470
723,628
973,238
3,738
111,3
451,764
488,738
523,764
738,3
764,451
307,973
723,973
973,723
247,443
443,738
470,628
598,470
628,738
634,764
647,634
729,247
738,628
764,729
26,628
238,570
570,628
628,570
3,488
111,3
451,488
488,523
523,3
26,238
238,628
570,628
628,238
247,470
470,247
634,470
3,487
111,451
451,523
487,451
488,487
523,3
238,395
395,238
307,998
443,723
470,973
480,470
723,480
950,480
973,480
998,723
3,111
111,488
451,111
487,488
488,111
523,487
595,764
764,595
480,629
629,950
950,480
998,480
26,238
238,26
570,238
628,238
647,238
738,238
764,738
3,523
111,451
451,488
487,3
488,487
523,487
595,764
764,595
443,950
470,629
480,443
506,470
629,950
634,443
950,634
570,883
628,570
803,883
826,883
883,628
598,729
628,598
729,628
3,451
111,523
451,487
487,451
488,451
523,451
307,470
470,973
973,470
628,729
729,628
307,723
443,973
470,723
480,998
629,470
634,973
723,480
950,307
973,723
998,950
3,506
111,506
451,3
487,111
488,523
506,111
523,488
26,247
238,443
247,307
307,973
443,247
470,570
570,634
628,26
634,443
723,247
973,307
3,523
111,487
451,628
487,488
488,3
523,111
598,487
628,598
729,598
598,628
628,729
729,628
3,451
111,3
451,487
487,488
488,111
3,111
111,506
451,523
487,3
488,506
506,3
523,451
26,470
238,443
247,26
307,238
443,26
470,723
570,26
628,26
723,247
973,238
26,628
238,26
570,26
628,26
628,729
729,628
3,111
111,523
451,470
470,488
487,111
488,523
523,470
973,111
595,764
764,595
3,523
111,488
451,487
487,523
488,523
523,3
3,487
111,3
451,488
487,3
488,451
523,487
26,628
238,570
570,628
628,238
506,764
595,506
764,506
3,488
111,523
451,111
487,111
488,487
523,488
247,578
506,247
578,506
3,111
111,451
451,3
487,111
488,3
523,487
26,402
238,26
402,238
570,26
628,26
3,634
111,629
451,998
480,487
487,3
488,111
523,629
629,480
634,3
950,487
998,480
3,523
111,487
451,523
487,488
488,523
523,487
3,487
111,523
451,523
487,451
488,523
523,3
3,111
111,523
451,3
487,451
488,451
523,487
26,570
238,570
570,764
595,238
628,595
764,26
443,723
470,443
723,973
973,723
26,723
238,628
307,723
443,570
470,26
506,723
570,723
628,506
723,506
973,506
307,973
443,973
470,973
723,470
973,307
595,764
764,595
247,443
443,634
470,634
634,247
307,973
443,973
470,647
647,973
764,470
973,764
3,487
111,3
451,488
487,451
488,3
523,3
169,647
423,647
432,169
647,423
307,480
443,973
470,307
480,723
629,998
634,629
723,307
973,443
998,307
26,570
570,26
3,487
111,487
247,3
451,247
487,578
488,523
506,111
523,487
578,111
480,629
629,998
634,950
950,480
998,629
570,803
628,570
803,628
826,803
883,826
629,998
634,629
950,634
998,634
238,470
307,470
395,443
443,973
470,443
723,307
973,307
402,778
778,402
169,432
423,647
432,647
647,423
738,764
764,738
3,628
26,487
111,3
451,570
487,570
488,3
523,487
570,111
628,523
3,451
111,3
451,487
487,111
488,3
523,488
307,470
443,470
470,307
723,307
973,443
3,487
26,111
111,628
238,111
451,487
487,628
488,628
523,570
570,26
628,570
595,764
764,595
307,443
443,470
470,307
723,443
973,723
402,778
598,628
628,729
729,778
778,729
26,628
238,570
570,238
628,570
595,764
598,628
628,764
764,598
3,523
111,523
451,3
487,111
488,111
523,3
111,402
402,111
451,488
487,451
488,451
523,451
647,764
738,647
764,647
26,470
238,570
247,634
402,634
443,778
470,247
570,628
628,570
634,247
778,238
3,451
111,451
451,488
487,451
488,487
523,111
111,913
222,111
444,487
487,222
913,487
238,402
395,238
402,238
778,238
3,523
111,451
451,111
487,111
488,451
523,451
3,523
111,3
307,3
443,488
451,488
487,523
488,443
523,488
3,488
111,3
451,111
487,3
488,111
523,488
247,470
443,247
470,247
634,247
402,634
480,634
629,705
634,629
705,480
961,705
247,443
402,470
443,506
470,634
506,778
634,506
778,634
443,470
470,973
973,470
3,487
111,3
487,523
488,111
523,111
238,395
395,238
3,487
111,487
451,111
487,3
488,451
506,523
523,111
3,523
111,487
451,3
487,3
488,111
523,487
402,961
705,961
961,705
247,629
470,950
480,598
598,634
628,998
629,634
634,628
729,598
950,480
998,480
3,488
111,488
451,3
487,488
488,3
26,238
238,570
570,26
628,570
3,488
111,488
451,111
487,451
488,451
506,488
523,487
3,451
111,764
451,523
487,647
488,523
506,3
523,487
647,3
738,3
764,451
3,523
111,3
451,3
487,451
488,3
523,488
470,950
480,950
506,973
629,480
634,506
723,950
950,723
973,723
247,470
402,470
470,778
778,402
307,723
443,470
470,443
723,973
973,443
3,487
111,451
451,487
487,523
488,111
506,488
523,506
443,723
470,443
723,443
973,723
3,488
111,487
451,487
480,523
487,451
488,3
523,3
634,451
950,523
998,111
3,111
111,488
402,451
451,402
487,451
488,523
523,111
197,998
634,998
998,634
402,628
506,705
570,506
628,570
705,883
803,705
826,883
883,826
961,883
111,488
451,488
488,111
647,764
738,764
764,738
3,487
111,451
451,523
487,3
488,451
523,3
26,570
238,247
247,26
443,634
470,26
570,634
628,570
634,247
307,470
443,973
470,723
723,443
973,723
111,523
451,998
523,998
629,998
634,111
950,523
998,634
307,723
443,470
470,723
723,973
973,723
307,723
443,723
470,443
723,470
973,723
169,423
423,169
432,647
647,432
26,238
238,26
570,26
628,26
480,998
598,634
628,598
629,598
634,998
950,628
998,950
3,487
111,487
451,111
487,3
488,3
523,451
26,238
238,764
570,595
595,238
628,238
764,26
3,488
111,487
451,598
487,729
488,729
523,598
598,487
628,3
729,628
307,570
443,570
470,578
506,307
570,578
578,470
628,506
723,470
803,628
826,506
883,628
3,451
111,487
451,523
487,111
523,451
3,488
451,488
487,488
488,598
523,488
598,488
628,729
729,488
247,598
506,729
578,628
598,628
628,578
729,578
480,998
629,950
634,998
950,634
998,634
71,402
266,402
338,402
402,338
738,338
169,647
423,432
432,647
647,169
738,647
764,169
26,238
238,628
506,628
570,238
628,26
3,998
26,570
111,523
238,998
451,628
480,3
487,451
488,998
523,628
570,3
628,950
629,488
634,629
950,523
998,629
26,973
238,723
443,634
470,723
570,634
628,723
629,723
634,443
723,238
950,628
973,238
3,111
111,488
451,3
487,111
488,523
523,451
402,778
778,402
307,723
443,723
470,723
723,443
973,470
480,634
634,480
950,998
998,950
3,451
26,111
111,570
451,3
487,570
488,628
506,488
523,111
570,487
628,487
3,487
111,488
487,111
488,523
523,488
3,487
111,3
451,523
487,488
488,523
523,488
26,238
238,26
570,26
628,26
307,470
443,723
470,443
506,973
723,307
973,470
3,111
111,629
451,3
480,3
487,451
488,629
629,480
950,3
26,764
238,570
570,647
628,738
647,764
738,26
764,738
3,488
111,523
451,111
487,488
488,111
523,487
71,266
266,338
338,738
402,266
738,338
26,628
238,570
570,628
628,26
3,451
111,488
451,488
487,111
488,3
523,111
71,338
266,402
338,402
402,338
738,338
3,451
111,487
451,487
487,451
488,3
523,487
26,628
238,26
628,238
3,523
111,451
451,595
487,488
488,451
523,451
595,488
764,487
3,451
111,488
451,523
487,3
488,451
523,487
48,973
470,885
610,973
885,48
973,610
480,598
598,480
629,480
634,629
729,480
950,634
197,487
487,634
634,487
913,998
998,913
3,523
111,488
451,487
487,111
488,523
523,111
3,451
26,451
111,238
238,3
451,570
487,451
488,3
523,487
570,523
595,238
628,523
307,723
443,628
598,628
628,598
723,307
973,307
480,634
629,998
634,998
950,480
998,480
307,470
443,307
470,307
723,443
973,470
3,487
111,3
451,488
487,3
488,3
523,488
307,973
443,307
723,443
973,723
3,523
111,402
402,487
451,523
487,451
488,778
523,402
778,523
3,523
451,523
480,950
487,629
488,998
523,451
629,487
634,629
950,451
998,480
307,973
443,470
470,443
723,443
973,723
3,488
111,3
451,523
487,451
488,451
523,647
647,487
738,451
764,488
307,470
443,470
470,307
506,973
723,506
973,443
3,488
111,523
451,523
487,3
488,3
523,488
238,570
570,238
628,570
307,723
443,723
470,729
480,470
595,629
598,443
629,480
634,950
723,729
729,629
950,634
973,307
598,628
628,598
729,598
3,451
111,523
451,523
487,451
488,487
523,487
3,523
111,3
451,487
487,111
488,487
523,451
169,423
423,432
432,647
647,423
3,111
48,470
111,451
451,111
470,451
487,523
488,470
523,3
610,470
885,48
973,610
3,523
111,488
451,487
487,523
488,451
523,705
705,961
961,523
3,26
26,238
111,238
238,111
451,111
487,111
488,26
523,26
570,523
628,451
26,628
238,628
570,238
628,570
26,238
238,570
570,26
628,26
3,488
111,3
147,111
451,488
487,111
488,147
523,764
764,111
857,764
26,738
238,570
570,647
628,647
647,570
738,628
764,628
48,470
470,610
610,973
885,610
973,48
3,451
451,487
487,488
488,451
523,3
26,628
307,470
443,973
470,973
570,470
628,570
723,26
973,723
26,628
238,628
570,26
628,238
506,729
598,729
628,506
647,729
729,628
598,628
628,729
729,598
247,443
443,634
634,247
26,238
238,729
570,729
598,628
628,238
729,598
480,634
629,634
634,998
950,629
998,480
147,764
764,147
857,147
307,723
470,723
506,307
723,470
973,506
3,523
111,451
247,488
443,488
451,523
470,488
487,3
488,634
523,451
634,487
3,111
111,523
451,488
487,451
488,487
523,3
26,647
238,570
570,628
628,570
647,738
738,628
598,628
628,729
729,598
3,111
111,523
488,523
523,3
480,629
629,634
634,629
950,634
998,480
598,628
628,598
729,598
26,570
238,628
570,628
628,238
402,961
705,402
961,705
3,488
111,973
307,973
443,470
451,443
470,111
487,470
488,307
523,307
723,443
973,470
3,488
111,488
451,111
487,3
488,111
523,488
307,723
470,723
723,307
973,723
647,764
738,764
764,738
247,629
307,480
443,480
470,973
480,629
629,973
634,307
723,634
950,480
973,629
998,973
3,487
111,488
451,488
487,451
488,3
523,487
3,402
111,778
402,3
451,488
487,402
488,3
778,451
3,523
111,451
451,523
488,523
523,451
238,598
395,628
598,238
628,238
729,238
3,523
111,488
451,487
487,111
488,3
523,3
402,598
443,729
470,402
598,973
723,973
729,443
778,598
973,402
3,488
111,451
451,488
487,488
488,3
523,3
598,628
628,111
729,451
26,570
238,628
570,764
628,647
647,628
738,764
764,738
247,595
506,595
578,506
595,247
598,628
628,598
3,487
111,487
451,488
487,111
488,487
523,3
307,723
443,723
470,443
723,973
973,723
238,470
247,402
395,470
402,634
443,778
470,778
634,238
778,238
3,523
111,451
451,3
487,3
488,3
523,3
247,443
443,470
470,634
634,470
480,998
629,634
634,629
950,998
998,629
3,488
111,487
451,111
487,3
488,3
523,111
3,488
111,523
451,523
487,3
488,523
523,451
307,402
402,778
443,778
723,778
778,723
3,451
111,488
451,523
487,488
488,487
523,488
3,523
111,3
451,487
487,451
488,111
523,487
3,628
26,764
111,570
238,570
451,111
487,451
488,628
523,238
570,738
628,738
647,451
738,487
764,738
197,764
595,197
634,197
738,197
764,634
26,629
238,950
402,950
480,570
506,480
570,480
628,570
629,628
634,998
778,950
950,26
998,480
247,634
443,595
470,443
506,764
595,443
634,247
764,595
3,451
111,3
451,111
487,488
488,523
523,488
598,628
628,729
729,628
3,487
111,488
451,488
487,523
488,487
523,487
26,238
238,628
480,238
570,998
628,570
629,570
634,26
950,634
998,950
480,950
629,950
634,998
950,998
998,629
3,488
111,451
451,488
487,488
488,487
523,487
402,764
647,778
738,402
764,738
778,764
480,634
629,480
634,950
950,629
998,634
3,487
111,523
451,488
487,3
488,451
523,488
26,634
238,26
480,629
570,629
628,634
629,634
634,238
950,238
998,480
480,950
506,764
595,480
634,998
738,595
764,595
950,998
998,595
402,764
647,402
738,402
764,778
778,764
3,488
111,3
247,488
443,470
451,470
470,523
487,3
488,111
523,3
634,487
3,488
111,451
451,111
487,523
488,487
523,487
247,470
402,778
470,247
634,247
778,402
402,705
705,402
961,705
307,723
443,506
506,595
595,973
723,595
973,307
247,634
443,470
470,634
634,443
307,729
598,764
628,598
647,723
723,764
729,307
764,647
973,628
3,523
111,488
451,523
488,451
523,111
3,451
111,487
451,487
487,451
488,111
523,3
247,634
443,247
634,443
26,238
238,628
570,628
628,26
3,451
111,487
402,111
451,950
480,488
487,488
488,950
523,488
778,111
950,451
3,488
26,238
111,488
238,628
451,523
487,451
488,628
506,487
523,628
570,111
628,451
169,432
423,647
432,647
647,432
307,723
402,973
470,961
723,402
961,307
973,723
3,523
111,3
451,3
487,523
488,523
523,451
307,443
443,470
470,307
723,470
973,470
3,487
111,488
451,523
487,523
488,111
523,451
506,729
598,628
628,506
729,598
3,523
111,487
451,111
487,111
488,3
523,111
738,764
764,738
3,523
111,488
451,488
487,3
488,487
523,451
647,764
738,764
764,738
598,729
628,598
729,628
238,570
570,598
598,238
628,570
729,598
3,111
111,487
451,487
487,3
488,523
523,451
3,523
111,451
451,523
487,523
488,523
523,3
3,488
111,487
487,578
488,506
506,487
523,506
578,506
598,487
628,111
729,3
402,778
778,402
570,628
628,803
803,570
826,883
883,826
3,523
111,523
451,111
487,111
488,111
523,3
3,111
111,451
451,488
487,488
488,3
523,488
451,764
487,764
595,764
764,595
26,238
238,628
570,628
628,238
402,778
778,402
3,451
111,402
402,111
451,523
487,523
488,111
523,487
778,488
307,634
443,470
470,634
480,634
634,470
723,634
950,307
973,470
3,487
111,451
451,111
487,523
488,3
523,3
3,487
111,3
451,111
487,488
488,451
523,111
480,950
629,998
634,629
950,998
998,950
247,470
443,247
470,247
634,470
570,883
628,883
803,628
826,803
883,628
3,523
111,523
451,111
487,111
523,111
778,523
26,523
111,628
238,570
307,523
443,451
451,723
470,973
487,307
488,111
523,487
570,487
628,570
723,443
973,307
26,570
238,598
570,238
598,729
628,26
729,598
647,738
738,647
764,738
3,523
111,487
451,487
487,451
488,451
523,111
3,111
111,3
451,488
487,488
488,111
523,488
3,506
111,729
451,506
487,488
488,111
506,628
523,598
598,628
628,488
729,487
26,570
238,26
570,238
628,238
307,443
443,470
470,723
723,973
973,307
598,628
628,729
729,628
3,451
111,487
451,523
487,111
488,111
523,488
598,628
628,598
307,738
443,723
470,764
647,443
723,443
738,647
764,973
973,738
598,729
628,598
729,598
26,570
238,628
570,238
628,26
247,470
307,973
443,470
470,247
634,443
723,247
973,443
3,451
111,487
451,111
487,3
488,487
523,3
26,628
238,570
570,628
628,570
3,423
111,423
423,487
432,423
451,523
487,111
488,451
523,111
3,111
111,3
451,487
487,3
488,451
523,3
402,961
647,764
705,402
738,961
764,961
961,738
402,634
480,402
629,705
634,705
705,402
950,629
961,480
402,480
480,950
629,480
634,629
705,998
950,480
961,480
998,961
402,961
705,402
961,402
3,451
111,487
451,488
487,451
488,111
523,3
307,723
443,723
470,307
723,307
973,723
26,705
238,961
402,961
570,402
628,570
705,26
961,570
3,523
111,451
451,111
487,111
488,487
523,487
